#Field 1, 2, 3: x, y, z coordinates (scaled to 1/10 parsecs)
-101082.973500 -55490.121800 1916.940700
-4501.310300 -8582.624200 -13201.021000
-56776.499700 -27424.979200 10013.991600
-110042.591100 -18530.887400 6595.832700
-54741.258600 18479.049200 11519.991200
-28013.045800 14156.439300 -3812.824800
-97256.565100 69347.415000 -10796.273900
8172.946000 -6857.215200 -6229.496600
-40031.423600 2830.721400 44934.282300
-149305.200600 13308.639500 30718.381400
-80544.872300 -6208.429300 530.821200
-19125.217200 10348.118500 -2167.401000
-86335.992800 -9530.236100 326.932200
-12438.867100 -14161.738200 -6878.967300
-34624.221300 -31722.858000 -27757.186900
-183.345400 -58274.540900 7980.160700
-51986.522700 -22715.060700 12442.073800
1698.397100 -46666.545900 13371.100400
-15674.039100 -20662.801300 -11120.446900
-7077.182500 -13200.064900 9519.684900
-81206.655500 43570.723500 3242.505800
-11702.543500 6518.022400 -3955.429500
-69425.559000 -12071.081400 8632.967500
-60499.367700 -30025.622800 27645.816800
-25502.514800 41726.522400 -3253.628600
-26188.218600 -5086.395700 -12041.168200
-105678.272200 -31439.979100 21515.913000
-13803.801500 7947.034800 -6919.446600
-83768.768300 6047.872300 -2679.697300
-590.157900 -13694.485400 -17897.534400
-65990.228700 35068.180600 1780.473400
-3301.951900 32427.818800 -7664.449800
-8634.210200 54081.196800 13071.106700
-8422.987500 -44186.625500 -11018.335800
-30513.033900 -4906.819200 -7569.270100
-18086.339200 4078.802500 -6681.181800
-60010.981600 -40029.697400 11431.082500
-24807.360200 -37951.903300 7124.005000
-84464.912400 16500.817500 -14457.656100
-89070.644400 67705.459600 -5956.606300
-16373.379200 9292.387400 -5595.842600
-19438.027100 3542.698600 -5120.968200
-75432.987200 38714.561500 -11036.728600
-11501.238300 7488.607800 -6158.015700
-43913.116500 -55428.218800 -2501.199200
-105294.303900 21274.602400 2593.276200
-59064.579000 -14367.078500 6870.827700
-15804.547100 -42989.168200 8424.234400
-46409.969300 -34459.831700 7836.753100
-42099.628400 35314.428800 -6872.829800
-25471.427400 -11648.516700 9597.600100
-53581.218700 -79553.914100 1098.989900
-56015.415200 -30004.036400 -17396.501300
-18471.357800 -17884.379600 -11331.335300
-81841.964700 -4387.413300 4056.539800
-22176.089300 10988.621700 8341.273700
-83375.082000 70936.875300 -5567.174000
-53310.356100 -42781.009700 -4263.328900
-2633.226200 -24042.186700 -6626.756200
-28043.193800 -5600.926900 13493.158800
-3989.837800 -2496.256500 -15963.355300
-89804.124800 11883.156300 -3228.217100
-87413.396800 -1822.834800 5239.796600
-97263.059600 -23626.430000 750.866600
-1355.080600 -8236.343900 -11258.714200
-50255.570400 50250.182200 -1485.784500
-41492.610000 -69298.682200 -3356.078000
-47246.813800 -18627.688900 -1505.411700
-38130.936600 -6615.033100 -17925.169500
-93831.386600 43808.908500 5622.711200
-11895.830600 7109.929300 -9848.612000
-43410.291700 21437.075100 -2527.200600
-75851.941100 -23573.503500 -5805.357100
-100321.111700 -11804.611700 3271.715300
-23533.899800 -50379.428900 17747.333000
-36179.604500 31241.416900 -3323.003600
-85406.513200 6891.304900 4179.405000
-113819.179500 -16175.817300 6924.581500
-19097.387800 8164.344400 -9082.306600
-44630.980500 -32667.431800 2805.393600
-23720.977300 -30357.012700 -9459.544400
-118953.332900 -11007.760800 2208.052300
-87383.413300 6371.739500 1290.612700
-131845.455200 21206.347900 2465.357000
-25636.436900 20237.152600 -2695.258300
-13689.477400 -5530.948600 -10924.540800
-25019.283300 26490.216300 -11063.495900
-78726.224900 -9023.261100 4820.184100
-107949.361800 44968.738600 -1410.555700
-49762.930900 41401.033400 25463.850500
-8256.047400 14068.454500 -10567.598300
-70303.988500 48235.726400 -4848.477500
-23735.029700 4271.377000 8186.640700
-9121.784600 -18387.588300 -17091.946600
-33098.638100 16064.658200 -9651.216900
-213.856000 -16161.775600 -8603.434600
-15730.058000 -47372.965800 16153.490500
-84300.556200 1883.877400 8730.983700
-79736.676200 34643.631000 -4164.825700
2970.889200 -10763.585600 -7077.581300
-93465.490300 -11835.258000 -6393.863000
-73958.745000 -4441.283600 8265.118600
-76622.519500 -47328.777300 55353.303000
-35844.516800 52335.047700 -15091.038900
-72021.799100 -19831.615700 25999.727200
4641.469400 56247.277300 20493.013900
-30195.028800 35870.044200 -5835.004400
-4674.661200 -4186.109900 -12163.826200
-2309.290600 -11297.925700 -8855.173000
-59507.899300 83511.076000 7051.155000
-28968.713300 -28951.845200 13174.495700
-5722.172900 1915.669700 -9241.656100
-38734.962900 110.901100 -6710.989500
-29220.838500 -16927.326900 -8366.945400
-15743.074400 14561.098800 -7638.245200
-123920.679100 -18572.366200 -50.548000
-55425.729800 53940.444000 -10989.681500
5033.146100 -7301.668500 7.740700
-48966.779700 -23027.699000 11930.911500
-69982.280700 -36368.994700 2601.992800
-28616.011100 36657.612300 19960.957800
-108897.399900 3730.003200 2423.582700
-6452.336900 -4452.520000 10653.181100
-121534.967400 387.834000 -483.823400
-32103.498000 15273.438700 -13940.124500
-28902.154000 11236.354100 8894.124000
-8236.561400 7982.514500 -5452.497600
-31534.051900 -2594.003400 8164.328300
-12042.805000 8730.555200 8492.841700
-66855.373400 -33605.461100 3810.402500
-133355.073900 -29638.176000 -694.462800
-59336.743400 -14481.171400 15162.299900
-11268.984100 10633.480500 -5053.959500
-28578.846500 25701.675400 -7898.488600
-12122.687100 -7892.656900 9143.312600
-21890.246900 28462.102400 19901.665400
-30700.974500 10526.596300 7694.054200
-34419.229000 36483.852900 -3878.249200
-14258.482500 3838.174000 -5218.403300
-3970.161100 2115.594400 -6079.371000
-111900.310500 -62247.867600 -3723.805200
-30177.359600 -1408.728700 -15244.691400
-23300.294900 -48965.086900 -5066.826900
-17469.826900 -7530.521800 9812.218500
-69072.852100 47313.919100 -4540.252700
-9648.343900 4610.650800 -8241.397700
7913.330800 3111.050400 -5386.176100
-65077.266700 37877.888700 -17519.203400
-23961.811100 -37567.119600 -6026.532600
-2902.848400 8624.349200 -22176.446900
-114626.236000 -61483.855200 -21344.740400
-24893.934700 -20923.032800 -6848.500400
-8555.666800 -5460.965600 -10642.877800
-29078.519300 -31515.364600 -5105.313100
-36299.822300 -72007.546400 -9893.507400
-103314.428300 57037.806500 -12469.503900
-75083.065000 -220.018100 -5810.186900
-14187.942700 10202.145600 6723.710900
-16303.906400 -9039.351300 -2100.030200
-6218.089500 -2878.798200 7847.194100
-85966.119800 -11563.472700 -1074.575400
-107373.209000 -57629.199000 -10834.989500
11679.616000 -7556.490900 -10100.483900
-23974.149200 2340.593800 -8283.086400
-15540.882300 1588.549300 -2980.500500
-12323.823000 -117.587900 9232.388700
-16859.877100 8724.732400 -13161.766500
-23857.219200 5973.607300 -8782.558400
-27051.641900 29830.362800 -7379.689200
-18307.080300 19677.344600 -5565.824500
-98412.075000 -43299.183800 -1703.546900
-26583.063600 34482.562500 -1944.399800
-25465.307200 6134.386700 8268.243100
-35381.960900 18072.215300 -8491.424900
-26016.123300 28382.160700 -5489.519800
-95529.108000 49598.593700 4172.722400
-13211.178800 37658.731900 -3418.797600
-87700.052300 18548.626900 -93.187700
-3905.300800 -6162.647600 -6879.438800
-33670.446900 -29510.715000 -3395.324100
-9787.691800 -8123.675000 11525.347200
-44787.869500 -47320.594800 -2488.639800
-4274.575100 11238.123200 -6479.670400
-54286.565800 -25115.413700 7100.776400
-127598.943700 11533.814700 7565.408900
-24389.369500 -43162.546200 11870.584500
-58893.580400 -59455.003700 -3535.736500
-36450.448000 74614.877700 -15324.183700
-23530.814600 -20905.575800 -10387.017700
-21807.305800 11036.872900 8488.110300
-34931.852800 22141.814200 -2142.748200
4637.482200 -59012.546500 -4575.348800
-94949.274100 28057.966200 -3676.385600
-61682.024000 -21372.075100 38665.976500
-38569.405100 -73526.516000 -5960.411400
-31948.003800 -13428.603400 -6929.630600
-64877.176300 -59196.877500 -3550.710400
-58507.103900 -16112.917700 3987.816600
-41507.735300 79314.436900 7341.035600
-86935.415300 -1507.653400 6663.197300
-59539.594700 -35404.276800 11200.606800
-94043.493300 194.223600 -708.198600
-73505.702000 65085.625600 9330.528400
-110688.610100 -47436.084700 2177.034900
-33438.549000 -2328.422400 -12898.316400
-26313.717400 31808.853100 -13476.198900
-130515.604000 -34561.028500 3620.623600
-40737.571700 67668.833700 -9334.452700
-101106.109600 21622.893800 -11071.960900
-22139.394300 -510.625500 -11085.435200
-47389.998400 -45863.452000 -8459.245600
-25802.259400 2669.908700 -7873.805800
-42273.516700 -29913.063000 -5437.188100
-10750.533300 -11175.559800 -5942.249900
-91638.135900 -9230.028400 1065.262000
-106262.035400 -35312.466600 1934.748300
414.207500 4277.658800 -10950.667900
-50036.873800 -12191.022600 -1588.077200
-56918.234800 25284.042400 727.747100
-13838.465200 1805.409200 -3541.772100
-38422.420000 -11267.175700 -3200.274100
-85810.632700 -21460.073000 -1515.654900
-13760.727600 19348.200600 23465.955300
-89777.259800 -14317.319400 -3294.274500
-45568.366100 -22093.653700 12415.250500
-58141.775100 12604.879100 -25722.079300
-101243.953700 10611.690300 4728.278800
-37136.945700 25510.439900 318.105100
-79628.152800 4645.950500 28610.494100
-21289.579900 46632.766700 -9530.949600
-20423.321700 5305.351000 10597.360100
-15214.573100 -7382.486500 4834.797700
-47859.926200 42461.805300 -6956.129700
-92667.779900 -44681.639700 -3222.057200
-31731.221700 -11410.256600 -12193.466400
-59702.148400 4389.585300 -22995.386100
-76994.705200 14997.068600 2823.837400
-24430.775600 3568.885300 7545.194000
-108654.985400 -3308.223200 -7644.796400
-111283.550300 17058.739700 -12611.457100
-25475.804800 -30182.170900 -3368.129400
-84248.085000 7004.647900 -97.374900
-143470.163300 15789.854500 2117.691900
-13364.008700 2473.708200 -7226.089800
-78275.365800 -8586.413300 -893.227800
-63971.428900 -54015.741300 -430.318500
-36626.393800 -31617.946600 33217.737700
-80100.965500 -36359.577200 3702.137500
-8433.508300 4571.761200 -5501.369800
7591.705900 4769.524900 -34077.928100
1721.286900 -8076.849000 -9226.491500
-73361.592300 -45775.179900 -2667.507500
-60263.137800 -50108.809500 -83.128900
-99886.684400 -25165.109600 -2154.351800
-13088.386100 2318.253100 -9472.115000
-8331.555100 5550.950200 -5172.786100
-55530.409800 -69068.822900 -9760.905500
-38671.560300 33386.604800 -16626.750200
-26719.868200 -18992.248800 -13595.147100
-27936.091400 9973.296500 -2448.126200
-35402.569800 8543.939000 23423.802900
-20094.521000 8088.315100 12203.117600
-34720.273000 15885.304200 -10819.970400
-18030.862800 11300.376700 -5562.591600
-18171.631100 4038.063900 6104.645700
-92707.052200 52327.947600 -22.775400
-10718.576900 -4743.846700 -10111.165000
-16840.446000 5067.354400 3317.836800
-27358.341200 3425.016700 -18371.616600
-7337.865800 921.757800 7251.560700
-114317.617400 -26179.337500 1126.272200
-115166.549700 -15936.846700 1818.816400
-69232.873900 34599.065800 -14775.691000
-56332.931500 -72350.978900 2057.553700
-23563.478000 -56159.477200 2291.279400
-35319.747900 38811.223500 -25702.555200
-131594.829600 17426.781700 2595.443700
-174686.565400 103614.845300 50374.388700
-23264.751400 2650.588800 -5360.004300
-69685.511600 -94279.632600 -57084.651000
-65129.823700 74885.292100 -6859.208900
-47250.123000 -80294.523200 4135.410200
-5022.471000 -922.423200 -8855.410200
-61424.512900 -44870.572100 1885.160700
-117037.477500 -33988.020400 12868.474700
-50788.207100 25609.941500 -3395.496300
-31689.081200 16492.376300 -2514.834700
-18068.060900 892.604600 -7691.782700
-9350.829100 2667.751900 -6676.950500
-46515.145300 20949.716600 -1537.224200
-35353.593800 -18283.406500 -10306.321400
-24305.138600 -48326.511400 11994.278400
-37266.089900 64872.546200 8575.925800
-19074.331500 -86202.039700 -4054.314500
-51036.081300 23866.326800 18300.352100
-18297.985800 -3831.825300 5258.061300
-8693.326700 -13981.382800 12011.177500
-76262.383500 22271.473400 -10949.817900
-15096.479700 -3303.197300 -4772.689600
-112742.633800 -68456.606900 -3878.647700
-44515.528700 -44306.006400 -5160.105800
-46107.425700 -36762.518900 22147.409900
-1984.861800 -4326.190100 -8548.142300
-21618.959900 26978.309200 -15339.087200
-92166.509600 70970.687900 -17302.027900
-100535.860100 -4310.823400 -140.367600
-6362.458500 -12113.328000 6540.989300
-107559.499700 -48559.951800 -2725.004300
-62967.743900 -8712.426400 -2679.936000
-1369.305700 -18808.621200 28398.759400
-22930.049900 -53861.045800 6281.939700
-10360.094300 -4540.090300 -9843.719000
-121346.454600 -47790.112500 -10164.243000
-4202.554200 23502.175800 -31620.717000
-68693.308800 19913.519600 -3759.885400
-19370.985000 2299.519200 -12368.598000
-16038.342700 -3477.641600 -9434.127200
-17471.978700 -31184.070100 -6881.893300
-25175.454600 3159.065800 -17759.003600
-14735.374500 1026.311500 -4072.916800
-9159.765200 6006.458400 -7674.726200
-55985.722500 -32228.868000 -6932.853500
-3446.506000 -8251.540700 5105.399500
-27099.661800 2949.321000 -9056.942500
-52965.097400 31741.311600 3876.599100
-47102.346400 23018.264800 -3490.945400
-46845.135700 -5457.957400 31002.805200
-54318.404200 57354.178400 3993.395300
-124323.215500 28062.837100 6441.740400
-26541.533500 2229.246900 -12587.299300
-18297.721100 -5847.715700 -11923.292900
-53073.062900 65858.488100 2051.998100
-62535.004600 12511.025700 -27706.632600
-28584.663900 44304.652200 -4662.486300
-16199.814100 -1190.858100 -9378.756900
-30388.720000 -48321.275700 -3469.406700
-21453.409200 -29715.795500 -14774.420300
-28223.559900 12277.160900 6777.603000
-66325.926800 32500.176400 1445.667700
-29500.155400 16324.176800 -12810.591500
-143940.792100 -31126.050900 4398.353700
-31031.954300 17471.829700 11649.504900
-37512.869800 -27758.748500 -1125.147300
-121823.139200 14029.767500 7056.071800
-13385.211200 7030.855400 -10678.590500
-109384.727500 7329.314900 27398.996400
-50461.931200 -31521.339400 2493.148100
-13097.004900 1223.192400 8316.816700
-67787.900000 17182.900900 2198.544600
-52489.886300 31041.619800 -16913.752600
-2917.117200 35923.433300 -28723.752500
7595.099200 -16535.607600 -9109.505400
-12378.491200 7592.662000 -5544.665500
-1173.114900 -23749.978500 -12403.205600
-60335.660000 -49212.889700 -53906.664800
-21989.131000 -39910.039900 -4438.425900
-17156.405400 11892.571400 9813.097700
-67383.556400 -60862.045300 18778.399200
-114449.634600 -2344.713400 230.318600
-16058.355600 -13653.681300 23792.705500
-79119.100600 41740.369800 -14224.728300
-63049.740800 -57141.084700 4621.277200
-29592.130200 19106.270100 11662.162500
-28890.459500 52784.423800 3009.259700
-113360.900900 29405.615300 -1954.673700
-3544.684900 41070.122700 1494.467700
-10092.777000 4967.398300 9532.487400
-39810.936500 6560.216500 -18221.710900
-79016.518600 29571.723900 -11916.716100
-11723.864100 11163.759200 -6356.633900
-2203.502800 -28103.413600 -7980.067700
-15591.656000 -8595.423700 -6824.591800
-58466.782600 -72488.989800 -3243.180500
-46812.849000 60711.865400 -28902.118200
-21190.669500 -351.475600 -10673.779200
-46195.836100 -23927.066300 9451.514500
-120608.711200 -56217.713400 -7406.616800
-39962.205900 -18790.025700 16940.964500
-753.004300 -2659.564900 -3885.793700
-11227.043900 -2107.603500 9997.325500
-15210.003900 29023.585300 -6387.572900
-72294.831300 -7332.349400 -199.098000
-23684.456300 2527.214900 2562.018600
-85140.390400 2935.582100 -6456.607000
-76588.692700 18250.145900 518.479400
-28962.783800 -27715.923800 9256.979200
-65207.901000 -37731.683300 51.193300
-10894.258000 -3645.794700 -10475.201600
-71400.814100 -17919.538000 -449.031400
-56904.635400 44063.181900 1479.618000
-149389.886900 39062.070800 -407.522500
-72526.111600 884.967200 -2076.194300
-14905.819900 -1928.512900 -7244.169100
-26966.567000 421.869100 23128.175700
-81863.803900 58818.912500 297.867000
-9723.972700 2471.180600 -8178.756200
-46556.153300 -19024.182600 -543.312200
-3260.174400 -4017.041600 -4696.463900
-8856.278100 39063.327300 -3139.077700
-119563.045500 -43351.578700 -5050.802200
-23458.612000 6801.077100 -18172.932900
-60368.704800 -4793.497300 9649.228500
-9475.559600 27858.285900 -16510.052700
-145504.064600 13196.109500 2300.084700
-29330.020000 24234.528500 -4543.163500
-78213.625000 -48931.703600 -914.971000
-86424.961100 237.374600 9297.478800
-71983.337400 -47894.825900 -3683.354900
-34263.820600 28863.079500 25741.257700
-18041.195900 -18537.946900 4900.225100
-52104.044000 70615.544300 1827.442500
-76679.201100 17543.053600 4808.324300
-11807.165100 9591.270700 -6407.361000
-62793.660200 -57618.441600 -2288.449600
-39130.024900 46989.102400 -12897.808600
-26098.475500 92321.796400 2425.680000
1439.769400 -50093.150100 -6377.863300
-87103.776900 -4324.298200 5387.659700
-116202.392600 -3544.122000 6812.498000
-98588.275900 -13602.271100 3883.316500
-16659.504200 6173.768000 -12709.767800
-83802.633300 8866.838800 -926.322400
-81856.117200 16683.204200 244.907300
-90363.445300 59580.130600 5034.524200
-120396.652200 9492.895000 1746.574300
-6839.386200 -5479.216000 10907.144500
-44736.175500 31709.392100 9611.326500
-80750.103000 794.458800 -4636.413500
-39922.139600 -1197.555300 -14647.550600
-8233.235500 42203.202200 -6269.767900
-163123.054500 -112568.597800 -750.087300
-4253.433300 -41914.372400 -8397.928500
-12453.010100 9063.441800 -8421.128400
-29020.023300 21658.105900 -9529.266400
-32306.437500 16646.565200 9718.660100
-27287.933800 -17719.464300 -4329.899800
-7802.558500 -15863.393500 27860.240900
-80246.820400 -71632.924100 -10615.760100
-19603.140400 12264.819100 -10972.013500
-27562.403700 17258.234000 -5233.755700
-69749.860800 -47706.823300 -2834.298300
-51016.268700 29458.351100 8901.659300
-67116.909000 46669.926600 -4277.719000
-26522.414700 19447.745100 -6276.941900
-57974.920300 -70569.763200 -3179.224400
-36543.543300 16661.882400 9783.515300
-123264.293700 1954.803200 7831.214100
-114227.800400 -2366.067900 2686.567300
-19628.961100 14182.734500 3972.768200
-51911.444700 -31711.123000 7078.173200
-36088.316400 -32649.641000 -2533.845600
-40860.242800 24021.704200 776.703600
-35021.193000 -16049.050100 -8725.214000
-96030.702600 -23660.345100 -4912.966500
-40112.414400 -26688.139400 9212.657200
-115480.413400 53053.226500 1787.714700
-21869.685600 22271.900200 -42197.222700
-16881.351500 10175.844400 -8079.481100
-4780.843000 7291.823000 -6534.770700
-92828.512200 37431.521400 -595.246000
-89913.682900 8.644400 4208.757600
-73300.175700 -5627.700100 5056.130300
-131228.494600 -6612.332500 2092.398300
-189730.892200 27607.438600 -58093.414300
-48399.081200 67624.740600 7992.378500
-22230.374800 9051.815300 -2988.579000
-62534.375200 -12314.494800 6361.825500
-25211.317500 1314.040000 -8190.258700
-117685.833000 -25027.945000 -50.122000
-98703.470200 12761.713300 -11841.347200
-98811.063800 38873.734500 -16728.379700
-85642.137500 4935.798000 -2259.604800
-119306.507100 -15116.657000 -729.633100
-22004.120300 -16024.488200 -10172.300300
-16132.235500 28203.315700 7014.730600
-30271.530200 -20478.558500 -22855.658500
-22857.313200 55581.555400 -8009.908200
-14316.283500 -7255.149500 -3199.716500
-72669.529900 -53229.575200 -12163.559200
-47784.524000 32319.111800 -1136.108100
-150672.102000 -33535.168200 4623.959700
-43670.582800 -67067.079500 2422.383900
-43861.227000 -15671.466600 619.888300
-53170.952800 -43227.791800 -2234.684400
-59921.879800 -14619.782000 7592.302600
11335.648300 -26543.483700 -9211.139700
-21004.991500 -46740.984900 -21282.577500
-24837.060000 -42123.627700 -2506.667700
-88006.963700 -17977.603700 -216.233800
-98991.842300 56909.079600 -2277.602100
-96225.452400 -7742.129000 4034.488500
-2510.778300 -23578.589000 -8080.478900
-55209.384000 83062.009800 75668.048900
-60455.069500 -39077.355900 11238.820600
-22905.623900 -21977.634400 2955.434600
-11700.160500 -20459.616200 -12150.175600
-61246.995900 22548.284500 -20986.390100
-64675.817500 -64104.142200 -3943.775000
-34591.615200 -21825.127600 -6429.078600
-90865.430800 -519.393300 -15682.169200
-15491.631000 -23438.377400 17982.173000
-8457.920600 -9580.822000 -19571.415200
-26189.253300 16532.555800 -6549.308900
-6816.477800 -6220.685800 11018.378700
-12642.226200 -2393.634300 5433.260200
-26926.419700 9196.392300 -8119.495500
-99140.729900 -31061.058000 -1799.098700
-36937.167600 -5848.795200 -9524.580800
-56150.469800 61656.580000 16463.582500
-18383.902300 29686.720400 -5027.871100
-101057.128900 30468.819100 1069.454500
-48004.579500 15091.068700 -11476.252100
-55986.733400 20976.331200 10390.052800
-27985.899400 -18334.204000 34.849900
-96882.953600 37193.429500 8752.021800
-37426.366800 -50805.721300 4802.980400
-23617.732500 14229.499100 -14721.716600
-116982.898700 -13957.573200 4404.297800
-14699.519900 1823.183900 -9845.280100
-10331.201600 8958.157300 1550.279300
-50875.053400 32541.127200 -5630.754800
-28945.527100 -27887.420700 -8325.981500
-88172.407200 -29502.041300 8054.940700
-30121.841400 15143.370600 -4166.859400
-57651.801100 -78897.156700 3956.824800
-80415.496800 10019.605200 153.525200
-4207.217100 -22091.097800 29433.717700
-37022.016000 -54433.383900 6830.672000
-109242.420200 28195.490800 44525.089300
-33857.190600 20173.420900 -5311.147600
-56201.438900 -60156.703000 2456.989700
-14359.127300 -96.839300 -7592.722800
-3388.845600 -10156.041400 9558.135300
-15517.585300 3923.561000 -5860.817400
-5587.161800 2531.533200 -6257.674100
-63591.122600 -64510.111800 -4070.784400
-106086.034800 97934.789700 -14.693000
-29321.727800 16822.584900 -11240.029300
-115633.754700 -24825.124700 3819.794100
13332.328800 47177.467300 -7694.044700
-95978.612900 52947.664300 -6058.750200
-22121.624900 33450.250600 -6854.159800
4942.083700 -9036.667900 4918.747500
-9364.811800 6259.300700 -7658.693200
-38862.044800 7720.159900 -14568.229900
-36204.960300 -11746.540100 -13065.151000
-21942.780000 11085.796400 -6514.548700
-23091.967100 -4957.222900 -20840.108400
-49185.462000 29600.265000 8784.977200
-28580.062400 14309.326400 -2837.483300
-28545.386800 2170.741900 -9534.282700
-7117.681500 3678.183900 -5351.094600
-19705.275300 3005.828900 11155.638700
-31119.296600 -33519.051100 10014.976300
-46256.365800 -10183.471400 553.918800
-2981.915800 -22534.041400 -8359.152100
-99310.150100 -4106.039400 -1288.125100
-16857.180600 7286.945600 -4969.393300
-119875.326200 29426.832200 -9289.326100
-122420.759200 -16612.976800 2075.615800
-95079.860700 42942.967400 -19631.540800
-129568.529100 14854.409700 -9013.389900
852.219800 -13369.026200 -12756.779200
-23771.283600 4451.818800 -12617.192300
-23007.316600 9255.260200 -25547.897800
-22626.509700 -52068.796200 -17560.817000
-47584.376300 -67196.641000 -5019.223700
13368.223900 -9828.108000 -12433.468100
-146783.494900 -21932.179900 6063.165100
-15042.978500 5219.998400 -9854.976500
-26834.688200 -11388.542700 7601.481700
-7716.465600 9324.924900 -6133.053900
-71372.833300 -8644.102800 184.981100
-64846.711200 -19698.586500 1394.648600
-77532.610900 7934.311000 -1262.887100
-89569.997800 -6414.592300 3262.902800
-76747.899100 -16586.771000 -42.463300
-82606.220200 -5823.593100 3554.612700
-22669.723000 -7372.922300 7506.697800
-17135.388900 5589.566800 -2773.379100
-60028.185800 20004.446500 -4634.901300
-88431.491900 -4270.014200 -903.628800
-31362.025700 -32457.668800 23261.334900
-61109.857600 -6509.170500 15314.507500
-26381.773900 26937.997300 -12093.793200
-50977.158500 -22228.801300 1906.842300
-55700.273500 -11765.167700 765.150800
-24420.769200 20080.022800 -5852.375600
4701.943100 -8679.986600 -11423.082400
-28058.958100 -27355.053400 -5205.407100
-26400.523200 -33734.369300 4675.380300
-83171.997100 -9261.759500 -1853.683300
-23686.451900 13916.121700 -5598.492600
-10560.871400 -12696.825300 -19022.846200
-40098.919900 34621.608300 7931.789200
-41746.668800 -12799.878100 856.942900
-23452.975700 9556.761400 -10441.741900
-21031.143700 6548.996000 21364.595900
-26368.119700 18931.689300 -5370.563900
-43255.829800 -66826.119400 -3126.163200
-24583.032100 -35539.965600 -15674.003400
-35404.663100 -35009.124300 10451.297800
-46575.064700 -66011.881800 -9332.665800
-79094.538700 -49297.814400 -3922.897000
-7724.369800 11824.698400 -5574.089900
-14370.951700 13528.626000 -8722.687400
-25772.857700 35935.328000 -37232.708900
5418.387100 -374.086100 -6929.547200
-5784.950300 33466.634800 -3691.800800
-5208.835000 -9815.688100 -8446.379300
-10807.485600 -8334.568100 3651.553100
-15066.165900 35709.803100 -872.063200
-12613.885400 2424.770000 -2347.141200
-4318.018600 -5387.154800 -4066.994500
-88411.254900 -52941.155400 29986.650900
-71143.755900 8012.043800 -1896.410400
-88803.911200 75185.923600 -17811.639300
-6701.629200 73681.998300 -10277.397600
-55673.642200 -91491.737400 -12465.914500
-109201.307300 2358.245000 184.403200
-56924.495700 16849.192400 -172.137100
-143833.665800 23178.770500 -16146.313000
-16706.154300 -9752.543000 -12955.572600
-18671.671200 -4562.395800 7766.131200
-42126.460100 40781.054500 -35905.654400
-86097.869900 140547.809600 70030.612900
-23043.403600 10276.469000 -4647.228100
-29448.320900 -45036.549600 -2391.220600
-52450.232500 23556.673500 5423.203700
-19518.755700 -29985.315800 -5989.558100
8293.437400 3386.068000 -5754.638300
-54925.422700 -26000.056300 -772.124800
-26408.135900 27587.027500 10484.371200
-20708.954300 3483.912300 -5996.816200
-90001.010900 7363.176900 -582.057500
-34476.873900 19463.509300 -14672.466500
-81890.506700 -65341.959000 13304.657900
-123243.150700 -13565.932500 4328.607900
-29836.797700 11489.671500 -14372.543100
-47608.132400 18907.820000 -10493.631400
-90625.343300 9207.947900 -1856.357500
-14841.315700 -7415.141500 -9843.046700
4211.717500 37188.515700 -5888.129500
-22488.324600 26523.973900 -20155.890000
-16581.069200 -16877.526000 -5678.942200
-98242.349600 39286.239100 497.876000
-102467.832600 15006.985700 -8345.964600
-39845.478500 38798.866300 -5310.237400
-38606.677100 -73732.519100 -5469.900400
-983.639700 4679.145800 -4249.858300
-70962.901100 -76868.162200 -8174.095200
-9847.951500 8645.203700 11954.411300
-56580.205000 50351.390800 -7110.927100
-100831.298800 -34769.158400 100.267500
-3428.383500 2037.044000 -2883.561300
-2380.726300 -39747.059300 25716.071100
-90786.371200 -18187.615900 -2027.171400
-61400.895100 24102.768900 2239.492400
-82760.553400 -30433.344800 4924.819500
-54878.635400 -64427.614200 8889.276400
-76541.333200 -65770.630800 -4198.414100
-20726.945400 104.287200 -6013.934600
-37566.084900 -13237.282000 33723.142100
-75618.925100 -54607.815700 1498.488800
-29656.424500 -7287.911800 8549.633000
-91970.424700 26674.790400 -1464.898600
316.310000 -4327.608300 -6092.882200
-17134.684300 -5638.156500 -10657.570400
-7211.785300 826.766200 2484.932200
-18353.457500 7093.766900 7326.845500
-8369.808200 -7987.974900 6009.337300
-40658.650400 -10180.432800 -37534.120100
-15940.240600 1670.703700 -8012.558200
-17110.970000 789.294600 5927.358900
-9635.862100 1504.029300 -7227.679500
-35533.621300 -26620.657400 16769.143300
-34017.424600 -8547.732200 24280.226200
-85952.501300 639.065400 -103.964200
-98649.253800 32194.318800 2783.025200
-42972.331000 22200.508100 11841.011000
-48825.883900 50180.149100 -20491.247200
-63259.682700 -40975.861500 -2619.451000
-9910.148400 -336.815200 11107.921600
-34674.518100 -28665.049100 31803.474400
-15337.070200 -9638.353000 -20387.170300
-11739.566300 4908.960800 -17309.844500
-48873.114600 -19374.607800 22434.659000
-24581.902000 5978.933600 -9673.130500
-32324.008900 16722.539700 -9991.231000
-91004.247700 1667.929100 1341.562600
-82656.784100 44285.049400 -1432.059900
-125217.371000 -43346.872300 -6697.495000
-17700.029600 -135.716500 -9469.948400
-90503.273000 -5198.263500 -236.641100
-24210.250400 74146.184900 -32198.312300
-24951.360200 28222.587100 -3192.278700
-87806.825600 -237.447100 -1105.659700
-12866.385000 -20936.732300 -26917.624500
-14328.604900 10817.301300 -15714.668000
-18904.920800 -30010.268700 -1454.592000
-41777.935000 -30613.229300 -19626.656800
-2494.933500 -39291.615500 -3878.049600
-98157.548900 1773.468400 8343.189400
-54467.558900 31195.843200 10563.978000
-31312.270200 16878.492800 6039.355400
-49712.710400 -38467.910300 16872.285600
-19080.942900 -6873.802500 -8817.548800
-82325.086600 63628.716500 17057.068300
-110491.800300 44600.849200 7746.670800
-101228.570900 -24442.935000 3306.980400
-6510.928900 2409.727400 -3473.305100
-11705.262700 3053.265200 -4921.703300
-135887.575100 21795.609000 -13933.495300
-4463.168100 -4912.168100 -7902.022000
-37504.501300 -24217.517400 5535.933400
-2521.849600 -27941.062500 -13563.293200
-89211.473500 -4498.115500 221.385100
-77088.184400 3294.718000 -1698.087000
-23402.688500 -42484.836600 -4325.910200
-21230.080100 -1784.785100 -8057.364800
-39026.534600 -43777.394300 5298.399900
-94933.090200 46114.239700 -371.003900
-18359.518100 11541.911400 7585.259100
-62632.684700 54667.887700 1853.650700
-10989.475300 6653.899600 6626.765100
-21320.881800 4774.389000 10078.239400
-71650.199900 -4108.350300 -2272.178200
-13388.042400 4928.678300 1347.416200
-99731.264100 -25242.121200 842.188900
-20162.828000 -5855.570400 -11836.808900
-72443.032300 -29153.571100 -24079.523100
-9386.568700 -6060.630700 7157.368700
-110812.511400 -8451.646000 5069.063900
-32052.981900 20025.010100 4672.393200
-36072.287600 -11662.670400 9167.282000
-21350.886800 1498.576400 -5566.268000
-49223.332400 -11685.988900 15579.179500
-15665.971000 21492.261900 -3675.658400
-25172.152500 10604.476900 -4110.452200
-42395.992300 -52823.419600 -2957.738000
-28501.119600 13364.856200 7998.085000
-19735.469800 4500.688900 -11123.924300
-24840.264300 27270.209800 -4421.126200
-117846.345900 45518.064500 2062.095100
-55482.740400 -154291.496300 -108122.320200
-28760.128000 -19070.265300 33249.673800
-24953.990000 -67700.128600 -24651.587000
-45033.946000 -31384.108100 -4318.321300
-53090.639100 -35876.574500 18064.817200
-33446.629000 -35690.562700 5244.257500
-20525.925200 11509.218200 -2095.398200
-32751.314600 18758.180100 6803.789700
-57096.481300 -44695.291500 -887.597700
-29251.043800 -3214.578600 -11441.676600
-15375.620100 -57095.484700 5799.456200
-37919.938600 33991.475100 -2528.422500
6989.362200 -10921.541500 9723.569200
8014.698600 -30111.587000 -12598.873400
-37754.426000 -9528.794300 33460.774400
-8000.974700 3379.494800 -9992.861700
-26809.532600 10715.260500 2843.766500
-93878.974900 69072.022400 54398.360300
-2214.276000 10031.592800 -9270.472500
-24175.298200 -21518.759700 19196.234900
-104875.001900 -1904.037900 8489.803100
-16733.571300 6086.614700 -11794.731600
-21466.577100 -4919.068200 -4700.277100
-122089.633900 9680.802200 -4688.157700
-18165.043600 -73067.717600 6247.444700
-9272.784600 1835.299900 -6276.605700
-22554.147200 -3761.543600 -7314.300500
-32809.057200 -29032.571300 17909.344400
-33977.983000 4429.594600 -12350.508000
-4304.106500 5603.734900 -6712.707900
-36190.722000 44297.514000 10041.829300
-57404.599200 -7980.533800 -13302.770900
-20791.771400 -3039.538000 -6057.046100
-104819.679300 16047.486100 -3594.531700
-290.152200 -8149.509400 -22478.761700
-89072.313300 3673.288500 4138.911100
-43722.338700 -25072.348100 22231.621700
-30923.411800 7568.615100 -15230.435100
-67060.141600 15578.984000 6336.306300
-46444.859500 50751.400000 -2945.782200
-90642.318700 -21292.562500 -122.426000
-113573.913600 -17022.718200 638.293100
-19536.356900 2322.282300 -13685.488700
-55481.267000 -44134.554900 -4330.326300
-42599.434900 17710.983800 -923.183000
-19047.585700 -19321.191300 38543.844200
-67901.291800 68278.703700 7017.868800
-21352.250600 9761.151100 2306.135000
-24560.442000 -4217.428000 -16928.015900
-23863.759000 8513.850000 -8645.384900
-4745.391600 -7818.384800 14945.215000
-9877.184600 -5953.109300 -9533.091800
-15043.157300 9317.802200 -6224.491000
-128619.747200 -15992.127700 -15056.361000
-22323.393800 6508.877300 -13685.083400
-57800.841300 -63862.414400 -1157.554500
-60752.439500 -30417.630700 -2806.361900
-24150.919900 -14316.262000 -5946.711300
-50802.063900 18638.309200 -38787.419800
-55103.101700 -17197.648300 6349.781800
-77664.132100 -76555.705100 -8096.851100
-26280.763100 -31653.251600 -4007.218800
-9492.244700 -5500.826200 -5207.412800
-25119.314200 16063.987000 -3124.019200
-52195.601500 46162.529000 50910.906800
-113188.829400 21765.220200 -6732.899500
-30753.581500 -55830.612200 -6283.825600
11636.878300 -9320.893300 -1445.388200
-25099.792500 -10720.849000 -9812.675100
-33051.106900 41387.038200 -17842.475200
4263.700800 3758.337800 -5643.943500
-63250.699000 39148.283000 1561.694000
-11579.694700 -4100.665500 9465.019700
-13519.629200 -5227.019200 -8881.635100
-34199.864900 12346.552600 12775.138600
-77458.634400 -51156.392100 37070.598600
-16892.627500 -18749.985700 26725.401900
6800.492400 -37200.326900 -10665.850600
-43086.648000 -59965.128900 6422.993500
-76111.445400 -27266.519100 -5436.450200
-75721.182800 3053.564400 -1890.198100
-24479.372500 -3164.701500 -9061.401500
-49655.895200 27469.947300 -5954.649400
-17010.196400 41713.748000 15278.500300
-24668.705500 -17392.522100 -9360.709800
-13551.169600 13410.807800 -6843.791600
-21243.560300 -8097.968700 6355.273700
-24738.807700 12833.406900 -10638.814000
-4742.837500 -14274.815300 -9321.108500
-59274.234800 47622.518500 4143.849000
-66209.306700 -4073.642200 -6252.735900
-86337.604500 -44656.801200 -2504.020600
-19596.821100 9452.389500 -9166.379600
-50740.151400 37051.298600 26373.870400
-16073.758600 -912.331100 -19486.858800
-99106.349900 -8718.656300 2172.546700
-34546.537400 20114.138100 -4048.624300
-71799.674000 -14994.779800 1328.935800
-18224.186900 7531.521300 -8474.860200
-30263.102100 -38133.912100 -6820.216800
-73544.068300 830.228200 -3172.464700
-49433.345800 -76648.850400 20614.996000
-43997.755100 40919.904700 -3800.526000
-139010.400800 1215.466300 14596.183300
-78087.024700 -57584.800700 -228.922900
-18872.953700 10723.145000 -4662.270800
-3937.428600 -2893.598100 -5336.652400
-40468.697500 -49610.347700 3745.047500
-37884.573900 41250.987100 -9000.980900
-91198.148700 -28256.964700 28114.843400
-2296.781800 -3760.081800 -11025.298800
-76808.595700 7725.454600 6818.551400
-21669.745400 -23900.604200 1199.421100
-23776.099700 -52493.629500 6615.445600
-50328.855500 15330.593600 18836.643700
-46598.763500 -48499.131200 5011.553200
-18831.054000 8478.245700 -8828.522000
-64970.974900 46891.789400 -5744.439400
-23639.054300 -61085.567500 -24744.110100
-22788.262400 -8470.448900 -12050.309200
-10903.332200 -31616.780800 -361.284500
-38992.710100 30221.984400 4838.548900
-2441.394000 1523.552200 -7086.661500
-83592.023800 12916.493400 -2535.924000
-22634.682700 10230.759400 -16129.492500
-127186.441400 -17935.153200 -678.565800
-83426.494600 1285.179100 2286.289000
-56363.334700 -1610.577000 -13001.885400
-15035.704400 -8104.725500 -8325.510000
-42117.214200 33083.927600 -23084.318600
-22957.320200 10639.591200 -5073.296400
1806.851200 49630.527500 -14236.873400
-7061.733600 43064.842200 -4993.339800
-24021.167800 3109.673900 -4711.467000
-42246.098500 -52998.580900 -3237.969000
-19194.475400 -4360.930300 -6004.364500
-74282.145500 -7123.321300 1247.708200
-98554.105800 42140.469600 -3032.318100
-18497.955800 -1603.499800 -5255.389200
-27131.388200 -8498.581100 -11418.703800
-15732.868900 10177.006700 -7880.121500
-70263.729100 -14035.729200 1573.786700
-19218.920500 20318.610700 -8097.684400
-115727.119400 -6263.778200 2965.603200
-15870.200400 5197.208500 -5811.511900
-102954.073000 -13414.574900 5279.864700
-121252.841900 -13991.998400 26090.996300
-29083.364000 -26946.020100 18598.318100
-27380.886100 6549.121700 -8696.234800
-20970.475700 2592.745100 7440.838800
-17966.190600 -20231.566400 18849.190500
-22145.271300 65708.460800 2183.559500
-45918.412200 42915.349000 5923.601400
-70457.143800 35069.377400 -5148.484700
-17448.124900 1435.760000 -16262.357200
-90800.447500 -901.958800 1422.841100
-97106.504400 -61942.615500 4439.569100
-27672.877300 9464.625700 -7235.332100
-71582.899100 -62039.747200 -38787.596200
-125430.641200 20812.418500 -14219.644100
-89590.053600 -4311.993400 577.946900
-82349.968000 6750.713000 -2445.206200
-83268.041600 6150.851800 -4004.183100
-27953.367200 23630.518900 -9529.329500
-28571.181300 20398.516700 7193.149900
-77992.997200 -57789.645200 7416.436100
-57295.012500 -60701.789900 -5284.756400
-10193.847400 2080.036700 -11178.469700
-18853.285300 2745.479300 -19868.341700
-44200.091400 1983.493300 18054.084800
-114774.208100 -24503.226300 -8615.554000
-11698.001600 -1989.649500 -8608.728600
-19946.582300 -24905.290600 14405.486600
-11819.266100 64905.285800 -9099.513900
-26039.872200 -189.402400 -15526.987300
-73420.534100 -24025.580900 2993.834300
-25525.128800 17247.158300 17871.581300
-97199.354200 -3264.259100 -14094.157200
-120457.506200 -17749.975900 25277.488200
-8180.517600 3456.005500 -6375.627500
-59524.254800 -22145.874500 -6007.735700
-55810.561200 -23526.580300 9970.017700
-19076.324700 3945.724700 14495.804300
-66010.880500 -65141.859100 -5692.552900
-18854.914900 -7451.027000 -26720.175700
-18544.253100 4120.897400 -6259.250600
-26886.909000 13444.521400 -3616.151500
-22632.677600 28481.876900 -7283.678700
-25407.545600 56464.452700 6189.668800
-19923.855100 -6344.414400 9457.329500
-18356.194500 9869.207100 -22091.202700
-20335.013900 -21850.440500 26944.437000
-37135.546200 7034.570000 -1023.681400
-32281.599000 -58789.658500 -5859.646200
-96748.867000 -17942.272400 -2938.313500
-23960.199400 20694.999700 -2736.231700
-168340.511300 -16225.825500 177733.573900
-26748.995800 27355.923700 -6540.282400
-122865.457500 29813.332600 -18119.056200
-80875.911700 18411.136900 1891.211700
-110384.702700 24601.717000 12851.016500
-16293.331400 -6358.916800 11179.568800
-49027.519200 41759.800900 -27.094800
-71918.997800 -69343.113900 -44576.339700
-78004.555700 8799.644700 4151.803300
-85491.819400 17406.692500 -7832.790000
-43361.778300 -10265.532700 -12525.655000
-32180.240200 -60033.116300 -10343.470600
-40679.402400 57270.360000 -4162.948700
-31272.907300 16916.259500 -6450.564900
-94162.397400 -15093.758100 -1802.138200
-5389.469900 4735.404300 -3993.042100
-19904.145000 10353.611700 -1400.663400
-94228.773100 -55043.282500 6262.918100
-99809.255600 -22363.064300 2009.716600
-19570.797700 -2131.103100 8798.461600
-24240.598700 18711.916200 -3534.345900
-112428.855900 -28762.068700 8548.643600
-62564.778300 7544.768500 580.134700
-47747.960100 -15905.039300 32450.950100
-23149.440300 64376.330400 5515.222000
-73702.349700 -16211.060300 -968.416700
-14350.845800 7856.848800 -7911.974200
-28177.909900 -10472.922300 -9275.799400
-23231.687500 -9740.213800 54816.956500
-28781.371100 -30435.473900 8915.934000
-61640.114800 -5598.861600 20590.345900
-94889.068600 -64252.338400 4035.933300
-31820.123200 31850.230700 -3192.533900
-77166.223500 -420.307700 -2560.332400
-114854.631400 -4173.566400 -43.939200
-135757.713300 -13019.357900 -3468.411900
-64152.340900 -50150.828400 -409.871000
-38465.762100 -8306.463400 -2334.768500
-17502.862200 317.694500 12790.062400
-33006.184100 -42803.797700 -7554.594300
-114362.373400 40973.467800 -13787.481800
-12952.424300 -9186.716100 -7284.603100
-439.042600 -6044.836600 -7791.237200
-19558.183000 -7648.284400 6153.312900
-17017.748400 -22993.531200 5206.314900
-15995.271200 5351.401600 -5683.708800
11403.807400 41622.982000 -5394.606000
-42466.678600 -31296.517800 -6623.635900
-101817.150100 -7489.586500 -7150.377600
-47148.585300 43737.254100 -18345.900800
-62457.494700 -23951.144200 -2299.109000
-59189.252900 31965.141300 -4940.431700
-52883.348500 -24418.342100 -9176.914100
-20555.570100 -12526.408400 -8705.796000
-73440.046300 15126.272400 -5089.104200
-57542.662600 10881.674300 10574.035600
-110081.319800 43977.785100 299.886300
-30277.237900 21124.343900 40830.140100
-90150.499300 3503.691000 -503.594400
-26274.988700 38719.744700 -9880.135700
